[Column 1]
NMOS : MM2(3) [net16 B Y], PMOS : dummy(0) [dummy dummy dummy]
[Column 2]
NMOS : MM2(3) [Y B net16], PMOS : MM1(3) [VDD B Y]
[Column 3]
NMOS : MM3(3) [net16 A VSS], PMOS : MM0(3) [Y A VDD]
[Column 4]
NMOS : MM3(3) [VSS A net16], PMOS : dummy(0) [dummy dummy dummy]

H Net Density
0.00 0.00 0.20 0.20 0.70 0.00 0.00 0.00 0.00 
0.00 0.00 0.20 0.20 0.70 0.00 0.00 0.00 0.00 
0.00 0.00 0.20 0.20 0.20 0.00 0.00 0.00 0.00 
1.00 0.50 1.20 0.70 1.20 0.50 0.50 0.50 1.00 
1.00 0.50 1.20 0.70 1.20 0.50 0.50 0.50 1.00 

2.00 1.00 3.00 2.00 4.00 1.00 1.00 1.00 2.00 

V Net Density
0.00 0.00 0.33 0.33 0.83 0.00 0.00 0.00 0.00 
0.00 0.00 0.33 0.33 0.83 0.00 0.00 0.00 0.00 
0.00 0.00 0.33 0.33 0.33 0.00 0.00 0.00 0.00 
0.61 0.11 0.94 0.44 0.94 0.11 0.11 0.11 0.61 
0.61 0.11 0.94 0.44 0.94 0.11 0.11 0.11 0.61 

1.22 0.22 2.89 1.89 3.89 0.22 0.22 0.22 1.22 

Cost = 29.00
[NOR_HPWL=1.1, MAX_H_GRID=1.2, MAX_V_GRID=0.94, MAX_H_COLUMN=4, MAX_V_COLUMN=3.9, MAX_H_ROW=7.1, MAX_V_ROW=4

---------------- Pin List -------------------
Net Y
0 0 0 0 0 1 0 0 0 0 0 
0 0 0 0 0 1 0 0 0 0 0 
0 0 0 0 0 0 0 0 0 0 0 
0 0 0 1 0 0 0 0 0 0 0 
0 0 0 1 0 0 0 0 0 0 0 

(0, 5) (1, 5) 
(4, 3) (3, 3) 

Net net16
0 0 0 0 0 0 0 0 0 0 0 
0 0 0 0 0 0 0 0 0 0 0 
0 0 0 0 0 0 0 0 0 0 0 
0 1 0 0 0 1 0 0 0 1 0 
0 1 0 0 0 1 0 0 0 1 0 

(4, 1) (3, 1) 
(4, 5) (3, 5) 
(4, 9) (3, 9) 

-------- Routing Results -----------------
========== A ===========
V0
0 0 0 0 0 0 0 0 0 0 0 

0 0 0 0 0 0 0 0 0 0 0 

0 0 0 0 0 0 0 0 1 0 0 

0 0 0 0 0 0 0 0 0 0 0 

0 0 0 0 0 0 0 0 0 0 0 


M1
0 0 0 0 0 0 0 0 0 0 0
                      
0 0 0 0 0 0 0 0 0 0 0
                      
0 0 0 0 0 0 0 0 1 0 0
                      
0 0 0 0 0 0 0 0 0 0 0
                      
0 0 0 0 0 0 0 0 0 0 0

V1
0 0 0 0 0 0 0 0 0 0 0 

0 0 0 0 0 0 0 0 0 0 0 

0 0 0 0 0 0 0 0 0 0 0 

0 0 0 0 0 0 0 0 0 0 0 

0 0 0 0 0 0 0 0 0 0 0 


M2
0 0 0 0 0 0 0 0 0 0 0
                      
0 0 0 0 0 0 0 0 0 0 0
                      
0 0 0 0 0 0 0 0 0 0 0
                      
0 0 0 0 0 0 0 0 0 0 0
                      
0 0 0 0 0 0 0 0 0 0 0

========== B ===========
V0
0 0 0 0 0 0 0 0 0 0 0 

0 0 0 0 0 0 0 0 0 0 0 

0 0 1 0 0 0 0 0 0 0 0 

0 0 0 0 0 0 0 0 0 0 0 

0 0 0 0 0 0 0 0 0 0 0 


M1
0 0 0 0 0 0 0 0 0 0 0
                      
0 0 0 0 0 0 0 0 0 0 0
                      
0 0 1 0 0 0 0 0 0 0 0
                      
0 0 0 0 0 0 0 0 0 0 0
                      
0 0 0 0 0 0 0 0 0 0 0

V1
0 0 0 0 0 0 0 0 0 0 0 

0 0 0 0 0 0 0 0 0 0 0 

0 0 0 0 0 0 0 0 0 0 0 

0 0 0 0 0 0 0 0 0 0 0 

0 0 0 0 0 0 0 0 0 0 0 


M2
0 0 0 0 0 0 0 0 0 0 0
                      
0 0 0 0 0 0 0 0 0 0 0
                      
0 0 0 0 0 0 0 0 0 0 0
                      
0 0 0 0 0 0 0 0 0 0 0
                      
0 0 0 0 0 0 0 0 0 0 0

========== net16 ===========
V0
0 0 0 0 0 0 0 0 0 0 0 

0 0 0 0 0 0 0 0 0 0 0 

0 0 0 0 0 0 0 0 0 0 0 

0 0 0 0 0 0 0 0 0 0 0 

0 1 0 0 0 1 0 0 0 1 0 


M1
0 0 0 0 0 0 0 0 0 0 0
                      
0 0 0 0 0 0 0 0 0 0 0
                      
0 0 0 0 0 0 0 0 0 0 0
                      
0 0 0 0 0 0 0 0 0 0 0
                      
0 1-1-1-1-1-1-1-1-1 0

V1
0 0 0 0 0 0 0 0 0 0 0 

0 0 0 0 0 0 0 0 0 0 0 

0 0 0 0 0 0 0 0 0 0 0 

0 0 0 0 0 0 0 0 0 0 0 

0 0 0 0 0 0 0 0 0 0 0 


M2
0 0 0 0 0 0 0 0 0 0 0
                      
0 0 0 0 0 0 0 0 0 0 0
                      
0 0 0 0 0 0 0 0 0 0 0
                      
0 0 0 0 0 0 0 0 0 0 0
                      
0 0 0 0 0 0 0 0 0 0 0

========== Y ===========
V0
0 0 0 0 0 0 0 0 0 0 0 

0 0 0 0 0 1 0 0 0 0 0 

0 0 0 0 0 0 0 0 0 0 0 

0 0 0 1 0 0 0 0 0 0 0 

0 0 0 0 0 0 0 0 0 0 0 


M1
0 0 0 0 0 0 0 0 0 0 0
                      
0 0 0 0 0 1 0 0 0 0 0
          |           
0 0 0 0 1-1 0 0 0 0 0
        |             
0 0 0 1-1 0 0 0 0 0 0
                      
0 0 0 0 0 0 0 0 0 0 0

V1
0 0 0 0 0 0 0 0 0 0 0 

0 0 0 0 0 0 0 0 0 0 0 

0 0 0 0 0 0 0 0 0 0 0 

0 0 0 0 0 0 0 0 0 0 0 

0 0 0 0 0 0 0 0 0 0 0 


M2
0 0 0 0 0 0 0 0 0 0 0
                      
0 0 0 0 0 0 0 0 0 0 0
                      
0 0 0 0 0 0 0 0 0 0 0
                      
0 0 0 0 0 0 0 0 0 0 0
                      
0 0 0 0 0 0 0 0 0 0 0

--------------- Overall -----------------
V0
0 0 0 0 0 0 0 0 0 0 0 

0 0 0 0 0 1 0 0 0 0 0 

0 0 1 0 0 0 0 0 1 0 0 

0 0 0 1 0 0 0 0 0 0 0 

0 1 0 0 0 1 0 0 0 1 0 


M1
0 0 0 0 0 0 0 0 0 0 0
                      
0 0 0 0 0 1 0 0 0 0 0
          |           
0 0 1 0 1-1 0 0 1 0 0
        |             
0 0 0 1-1 0 0 0 0 0 0
                      
0 1-1-1-1-1-1-1-1-1 0

V1
0 0 0 0 0 0 0 0 0 0 0 

0 0 0 0 0 0 0 0 0 0 0 

0 0 0 0 0 0 0 0 0 0 0 

0 0 0 0 0 0 0 0 0 0 0 

0 0 0 0 0 0 0 0 0 0 0 


M2
0 0 0 0 0 0 0 0 0 0 0
                      
0 0 0 0 0 0 0 0 0 0 0
                      
0 0 0 0 0 0 0 0 0 0 0
                      
0 0 0 0 0 0 0 0 0 0 0
                      
0 0 0 0 0 0 0 0 0 0 0

var_num : 3713, clause_num : 17213
Routing time : 187ms
