[Column 1]
NMOS : MM2(3) [net16 B Y], PMOS : MM1(3) [VDD B Y]
[Column 2]
NMOS : MM2(3) [Y B net16], PMOS : MM1(3) [Y B VDD]
[Column 3]
NMOS : MM2(3) [net16 B Y], PMOS : dummy(0) [dummy dummy dummy]
[Column 4]
NMOS : MM2(3) [Y B net16], PMOS : dummy(0) [dummy dummy dummy]
[Column 5]
NMOS : MM3(3) [net16 A VSS], PMOS : MM0(3) [VDD A Y]
[Column 6]
NMOS : MM3(3) [VSS A net16], PMOS : MM0(3) [Y A VDD]
[Column 7]
NMOS : MM3(3) [net16 A VSS], PMOS : dummy(0) [dummy dummy dummy]
[Column 8]
NMOS : MM3(3) [VSS A net16], PMOS : dummy(0) [dummy dummy dummy]

H Net Density
0.00 0.00 0.70 0.20 0.20 0.20 0.20 0.20 0.20 0.20 0.70 0.00 0.00 0.00 0.00 0.00 0.00 
0.00 0.00 0.70 0.20 0.20 0.20 0.20 0.20 0.20 0.20 0.70 0.00 0.00 0.00 0.00 0.00 0.00 
0.00 0.00 0.20 0.20 0.20 0.20 0.20 0.20 0.20 0.20 0.20 0.00 0.00 0.00 0.00 0.00 0.00 
1.00 0.50 1.20 0.70 1.20 0.70 1.20 0.70 1.20 0.70 0.70 0.50 1.00 0.50 0.50 0.50 1.00 
1.00 0.50 1.20 0.70 1.20 0.70 1.20 0.70 1.20 0.70 0.70 0.50 1.00 0.50 0.50 0.50 1.00 

2.00 1.00 4.00 2.00 3.00 2.00 3.00 2.00 3.00 2.00 3.00 1.00 2.00 1.00 1.00 1.00 2.00 

V Net Density
0.00 0.00 0.61 0.11 0.11 0.11 0.11 0.11 0.11 0.11 0.61 0.00 0.00 0.00 0.00 0.00 0.00 
0.00 0.00 0.61 0.11 0.11 0.11 0.11 0.11 0.11 0.11 0.61 0.00 0.00 0.00 0.00 0.00 0.00 
0.00 0.00 0.11 0.11 0.11 0.11 0.11 0.11 0.11 0.11 0.11 0.00 0.00 0.00 0.00 0.00 0.00 
0.56 0.06 0.67 0.17 0.67 0.17 0.67 0.17 0.67 0.17 0.17 0.06 0.56 0.06 0.06 0.06 0.56 
0.56 0.06 0.67 0.17 0.67 0.17 0.67 0.17 0.67 0.17 0.17 0.06 0.56 0.06 0.06 0.06 0.56 

1.12 0.12 2.67 0.67 1.67 0.67 1.67 0.67 1.67 0.67 1.67 0.12 1.12 0.12 0.12 0.12 1.12 

Cost = 51.00
[NOR_HPWL=1.3, MAX_H_GRID=1.2, MAX_V_GRID=0.67, MAX_H_COLUMN=4, MAX_V_COLUMN=2.7, MAX_H_ROW=14, MAX_V_ROW=5.5

---------------- Pin List -------------------
Net Y
0 0 0 1 0 0 0 0 0 0 0 1 0 0 0 0 0 0 0 
0 0 0 1 0 0 0 0 0 0 0 1 0 0 0 0 0 0 0 
0 0 0 0 0 0 0 0 0 0 0 0 0 0 0 0 0 0 0 
0 0 0 1 0 0 0 1 0 0 0 0 0 0 0 0 0 0 0 
0 0 0 1 0 0 0 1 0 0 0 0 0 0 0 0 0 0 0 

(0, 3) (1, 3) 
(0, 11) (1, 11) 
(4, 3) (3, 3) 
(4, 7) (3, 7) 

Net net16
0 0 0 0 0 0 0 0 0 0 0 0 0 0 0 0 0 0 0 
0 0 0 0 0 0 0 0 0 0 0 0 0 0 0 0 0 0 0 
0 0 0 0 0 0 0 0 0 0 0 0 0 0 0 0 0 0 0 
0 1 0 0 0 1 0 0 0 1 0 0 0 1 0 0 0 1 0 
0 1 0 0 0 1 0 0 0 1 0 0 0 1 0 0 0 1 0 

(4, 1) (3, 1) 
(4, 5) (3, 5) 
(4, 9) (3, 9) 
(4, 13) (3, 13) 
(4, 17) (3, 17) 

-------- Routing Results -----------------
========== A ===========
V0
0 0 0 0 0 0 0 0 0 0 0 0 0 0 0 0 0 0 0 

0 0 0 0 0 0 0 0 0 0 0 0 0 0 0 0 0 0 0 

0 0 0 0 0 0 0 0 0 0 0 0 0 0 1 0 0 0 0 

0 0 0 0 0 0 0 0 0 0 0 0 0 0 0 0 0 0 0 

0 0 0 0 0 0 0 0 0 0 0 0 0 0 0 0 0 0 0 


M1
0 0 0 0 0 0 0 0 0 0 0 0 0 0 0 0 0 0 0
                                      
0 0 0 0 0 0 0 0 0 0 0 0 0 0 0 0 0 0 0
                                      
0 0 0 0 0 0 0 0 0 0 0 0 0 0 1 0 0 0 0
                                      
0 0 0 0 0 0 0 0 0 0 0 0 0 0 0 0 0 0 0
                                      
0 0 0 0 0 0 0 0 0 0 0 0 0 0 0 0 0 0 0

V1
0 0 0 0 0 0 0 0 0 0 0 0 0 0 0 0 0 0 0 

0 0 0 0 0 0 0 0 0 0 0 0 0 0 0 0 0 0 0 

0 0 0 0 0 0 0 0 0 0 0 0 0 0 0 0 0 0 0 

0 0 0 0 0 0 0 0 0 0 0 0 0 0 0 0 0 0 0 

0 0 0 0 0 0 0 0 0 0 0 0 0 0 0 0 0 0 0 


M2
0 0 0 0 0 0 0 0 0 0 0 0 0 0 0 0 0 0 0
                                      
0 0 0 0 0 0 0 0 0 0 0 0 0 0 0 0 0 0 0
                                      
0 0 0 0 0 0 0 0 0 0 0 0 0 0 0 0 0 0 0
                                      
0 0 0 0 0 0 0 0 0 0 0 0 0 0 0 0 0 0 0
                                      
0 0 0 0 0 0 0 0 0 0 0 0 0 0 0 0 0 0 0

========== B ===========
V0
0 0 0 0 0 0 0 0 0 0 0 0 0 0 0 0 0 0 0 

0 0 0 0 0 0 0 0 0 0 0 0 0 0 0 0 0 0 0 

0 0 1 0 0 0 0 0 0 0 0 0 0 0 0 0 0 0 0 

0 0 0 0 0 0 0 0 0 0 0 0 0 0 0 0 0 0 0 

0 0 0 0 0 0 0 0 0 0 0 0 0 0 0 0 0 0 0 


M1
0 0 0 0 0 0 0 0 0 0 0 0 0 0 0 0 0 0 0
                                      
0 0 0 0 0 0 0 0 0 0 0 0 0 0 0 0 0 0 0
                                      
0 0 1 0 0 0 0 0 0 0 0 0 0 0 0 0 0 0 0
                                      
0 0 0 0 0 0 0 0 0 0 0 0 0 0 0 0 0 0 0
                                      
0 0 0 0 0 0 0 0 0 0 0 0 0 0 0 0 0 0 0

V1
0 0 0 0 0 0 0 0 0 0 0 0 0 0 0 0 0 0 0 

0 0 0 0 0 0 0 0 0 0 0 0 0 0 0 0 0 0 0 

0 0 0 0 0 0 0 0 0 0 0 0 0 0 0 0 0 0 0 

0 0 0 0 0 0 0 0 0 0 0 0 0 0 0 0 0 0 0 

0 0 0 0 0 0 0 0 0 0 0 0 0 0 0 0 0 0 0 


M2
0 0 0 0 0 0 0 0 0 0 0 0 0 0 0 0 0 0 0
                                      
0 0 0 0 0 0 0 0 0 0 0 0 0 0 0 0 0 0 0
                                      
0 0 0 0 0 0 0 0 0 0 0 0 0 0 0 0 0 0 0
                                      
0 0 0 0 0 0 0 0 0 0 0 0 0 0 0 0 0 0 0
                                      
0 0 0 0 0 0 0 0 0 0 0 0 0 0 0 0 0 0 0

========== net16 ===========
V0
0 0 0 0 0 0 0 0 0 0 0 0 0 0 0 0 0 0 0 

0 0 0 0 0 0 0 0 0 0 0 0 0 0 0 0 0 0 0 

0 0 0 0 0 0 0 0 0 0 0 0 0 0 0 0 0 0 0 

0 0 0 0 0 0 0 0 0 0 0 0 0 0 0 0 0 0 0 

0 1 0 0 0 1 0 0 0 1 0 0 0 1 0 0 0 1 0 


M1
0 0 0 0 0 0 0 0 0 0 0 0 0 0 0 0 0 0 0
                                      
0 0 0 0 0 0 0 0 0 0 0 0 0 0 0 0 0 0 0
                                      
0 0 0 0 0 0 0 0 0 0 0 0 0 0 0 0 0 0 0
                                      
0 0 0 0 0 0 0 0 0 0 0 0 0 0 0 0 0 0 0
                                      
0 1-1-1-1-1-1-1-1-1-1-1-1-1-1-1-1-1 0

V1
0 0 0 0 0 0 0 0 0 0 0 0 0 0 0 0 0 0 0 

0 0 0 0 0 0 0 0 0 0 0 0 0 0 0 0 0 0 0 

0 0 0 0 0 0 0 0 0 0 0 0 0 0 0 0 0 0 0 

0 0 0 0 0 0 0 0 0 0 0 0 0 0 0 0 0 0 0 

0 0 0 0 0 0 0 0 0 0 0 0 0 0 0 0 0 0 0 


M2
0 0 0 0 0 0 0 0 0 0 0 0 0 0 0 0 0 0 0
                                      
0 0 0 0 0 0 0 0 0 0 0 0 0 0 0 0 0 0 0
                                      
0 0 0 0 0 0 0 0 0 0 0 0 0 0 0 0 0 0 0
                                      
0 0 0 0 0 0 0 0 0 0 0 0 0 0 0 0 0 0 0
                                      
0 0 0 0 0 0 0 0 0 0 0 0 0 0 0 0 0 0 0

========== Y ===========
V0
0 0 0 0 0 0 0 0 0 0 0 0 0 0 0 0 0 0 0 

0 0 0 1 0 0 0 0 0 0 0 1 0 0 0 0 0 0 0 

0 0 0 0 0 0 0 0 0 0 0 0 0 0 0 0 0 0 0 

0 0 0 1 0 0 0 1 0 0 0 0 0 0 0 0 0 0 0 

0 0 0 0 0 0 0 0 0 0 0 0 0 0 0 0 0 0 0 


M1
0 0 0 0 0 0 0 0 0 0 0 0 0 0 0 0 0 0 0
                                      
0 0 0 1-1-1-1-1-1-1-1-1 0 0 0 0 0 0 0
        |       |                     
0 0 0 0 1 0 0 0 1 0 0 0 0 0 0 0 0 0 0
        |       |                     
0 0 0 1-1 0 0 1-1 0 0 0 0 0 0 0 0 0 0
                                      
0 0 0 0 0 0 0 0 0 0 0 0 0 0 0 0 0 0 0

V1
0 0 0 0 0 0 0 0 0 0 0 0 0 0 0 0 0 0 0 

0 0 0 0 0 0 0 0 0 0 0 0 0 0 0 0 0 0 0 

0 0 0 0 0 0 0 0 0 0 0 0 0 0 0 0 0 0 0 

0 0 0 0 0 0 0 0 0 0 0 0 0 0 0 0 0 0 0 

0 0 0 0 0 0 0 0 0 0 0 0 0 0 0 0 0 0 0 


M2
0 0 0 0 0 0 0 0 0 0 0 0 0 0 0 0 0 0 0
                                      
0 0 0 0 0 0 0 0 0 0 0 0 0 0 0 0 0 0 0
                                      
0 0 0 0 0 0 0 0 0 0 0 0 0 0 0 0 0 0 0
                                      
0 0 0 0 0 0 0 0 0 0 0 0 0 0 0 0 0 0 0
                                      
0 0 0 0 0 0 0 0 0 0 0 0 0 0 0 0 0 0 0

--------------- Overall -----------------
V0
0 0 0 0 0 0 0 0 0 0 0 0 0 0 0 0 0 0 0 

0 0 0 1 0 0 0 0 0 0 0 1 0 0 0 0 0 0 0 

0 0 1 0 0 0 0 0 0 0 0 0 0 0 1 0 0 0 0 

0 0 0 1 0 0 0 1 0 0 0 0 0 0 0 0 0 0 0 

0 1 0 0 0 1 0 0 0 1 0 0 0 1 0 0 0 1 0 


M1
0 0 0 0 0 0 0 0 0 0 0 0 0 0 0 0 0 0 0
                                      
0 0 0 1-1-1-1-1-1-1-1-1 0 0 0 0 0 0 0
        |       |                     
0 0 1 0 1 0 0 0 1 0 0 0 0 0 1 0 0 0 0
        |       |                     
0 0 0 1-1 0 0 1-1 0 0 0 0 0 0 0 0 0 0
                                      
0 1-1-1-1-1-1-1-1-1-1-1-1-1-1-1-1-1 0

V1
0 0 0 0 0 0 0 0 0 0 0 0 0 0 0 0 0 0 0 

0 0 0 0 0 0 0 0 0 0 0 0 0 0 0 0 0 0 0 

0 0 0 0 0 0 0 0 0 0 0 0 0 0 0 0 0 0 0 

0 0 0 0 0 0 0 0 0 0 0 0 0 0 0 0 0 0 0 

0 0 0 0 0 0 0 0 0 0 0 0 0 0 0 0 0 0 0 


M2
0 0 0 0 0 0 0 0 0 0 0 0 0 0 0 0 0 0 0
                                      
0 0 0 0 0 0 0 0 0 0 0 0 0 0 0 0 0 0 0
                                      
0 0 0 0 0 0 0 0 0 0 0 0 0 0 0 0 0 0 0
                                      
0 0 0 0 0 0 0 0 0 0 0 0 0 0 0 0 0 0 0
                                      
0 0 0 0 0 0 0 0 0 0 0 0 0 0 0 0 0 0 0

var_num : 13896, clause_num : 95286
Routing time : 2064ms
